1.478039221800322878e+01
1.251265808040058936e+01
4.277370052628282338e+01
4.743832262979086067e+01
4.520438919446201709e+01
4.128832128705241900e+01
6.124521495882057565e+01
6.381471717734519444e+01
6.369489520963741569e+01
6.261341620242892958e+01
7.592679127678496798e+01
7.771765085381228744e+01
7.645051415154149765e+01
7.657592395908712035e+01
7.695259776049050515e+01
7.540605404549935997e+01
8.804285055901128487e+01
8.795152630586046882e+01
8.683009474523159099e+01
8.579875121094161727e+01
8.646581362677416394e+01
8.629310246940391949e+01
9.741192335267963642e+01
1.023525252513585571e+02
1.010446117254239624e+02
9.959952611587947047e+01
1.019764413664344431e+02
9.972484176644171328e+01
1.866652830924826389e+02
1.932189962724454801e+02
1.645257393339753946e+02
1.651730436315332042e+02
1.674207383428311573e+02
1.663111511988388145e+02
1.487045231632090463e+02
1.485198802352043685e+02
1.452798376888261771e+02
1.477743272117750450e+02
1.358762442404675994e+02
1.317204921393767449e+02
1.310336653058043623e+02
1.320685860577287940e+02
1.351164059547139118e+02
1.354884621391120447e+02
1.224900238509491999e+02
1.225284320882786062e+02
1.228638576569780270e+02
1.218743631392791258e+02
1.208879238711568576e+02
1.219353287677743367e+02
1.077730200569843930e+02
1.126200746514743258e+02
1.107474929051374346e+02
1.089028647901847791e+02
1.115845790682818546e+02
1.110593936443110010e+02
