1.986151722178307466e+01
5.387929601464816187e+01
1.085396763686080845e+01
2.266716070186616605e+01
4.418714897964632371e+01
6.142818689207718563e+01
9.135382460366164636e+00
2.664579986723643756e+01
4.328093342839666491e+01
6.432911064201383056e+01
5.032558559386903774e+00
1.728240435702984712e+01
2.836620233954212367e+01
4.357540888456501449e+01
5.157691101513959353e+01
6.441111371838672994e+01
7.563860962317990655e+00
1.804639468360855403e+01
2.749703582271184032e+01
3.881278601531182204e+01
5.378667268544611346e+01
6.215199632002600794e+01
5.238228153549814969e+00
1.884047522758613979e+01
3.037942182024388771e+01
4.085402022435392411e+01
5.162332815302330857e+01
6.412493386542783469e+01
1.394446986150084555e+01
5.385406328759540884e+01
7.381864724202510608e+00
2.875581728152683070e+01
4.063680617486711100e+01
5.864162178236687595e+01
8.129059579350071729e+00
2.432676220948337686e+01
4.804382900007738044e+01
5.677601367393091181e+01
7.382137158860422765e+00
1.385144117482730763e+01
3.135488192890507264e+01
4.135270240951047782e+01
5.152295350728727641e+01
6.164971358982293737e+01
4.229483795490009967e+00
2.177706760411469489e+01
2.580016818480574514e+01
3.985967700520598100e+01
4.992225529957969599e+01
6.688611648977371260e+01
5.644978190795786333e+00
1.740941898356816253e+01
2.861239992781804276e+01
4.297276577445406787e+01
5.252774880078592190e+01
6.321119800168642655e+01
